12868052274404090796
3901708022724752491
6087014000345348953
10363601722045293340
12551054382678374665
17835103876472187777
7936411587552798785
12659013742305001108
8578908033142359428
16132443012001090064
9493163144401003026
10283856443921022445
18053554872009137379
6742401392440581113
18271898049027748518
5121203353186304006
14347595701125450798
2181650146550146859
17899758086673470679
5703117232245182719
13304115824101800698
2682457443901318455
10617871643662609991
11242532695331470781
4218602640998629364
13576086194840148318
4686696386765159399
5331025535693362510
13199100040278359343
8706486906921903048
10358209358951441087
15087086456295814700
15451933383679963845
15042203162682953429
9703608411292863347
2332056970883495994
4041446869122653166
865440211816189703
16346805008066049062
3091485099704057143
13229728605248535309
3300990432263916450
2489078081232493975
14295207743330314863
16674219189841461402
17583145866280602535
5372586377295507957
1065657640705732432
7558585685119745062
8690245288829254540
13169270486691563125
9026554120011981908
8287525371369978433
5682262074399358919
11405619435460119608
4406093754020666624
4112032650482912814
4477460096094356513
17866685741714782854
8704355468564192060
13251176463346887355
9812905921685584886
7989630622637141410
10284865213895397919
3751960438502239395
5270270759802460119
9416056627450585895
17151452569398509002
3781171040270979413
11371254436747142130
6861184981497228913
2625034915438097309
13426239366531943377
16631774472532999145
10636197997803390461
9764821291991528452
11035113357826656451
4695333228319575418
13532339162533129003
1216925563353529868
5637874726676525123
11986190652632941646
16899073308689388105
14651739689087538687
11235948226061963014
2698540545532306221
13953730122052523747
6716782220591276195
7713896200172705475
3262050622772083988
9222632822275519078
5896857617646692660
5921264403804233111
871198701593140605
3419834069610608882
3952746188811469101
3173882443563479821
12896698610019625349
10286600502445203891
7895774898798131712
4714326283940008831
